47	63	8
52	35	41
11	4	50
7	4	51
48	5	31
48	41	52
20	16	1
41	27	39
8	62	60
28	4	24
0	4	24
48	23	4
37	4	56
52	38	48
42	4	24
57	4	4
18	4	24
31	57	58
48	20	54
4	4	24
27	4	61
2	4	15
31	30	58
39	6	41
52	49	45
48	4	23
8	55	33
39	6	20
3	43	45
20	27	39
53	4	3
31	45	48
41	49	45
60	22	8
48	14	44
8	36	48
50	4	51
13	44	39
57	1	7
30	4	61
14	51	48
13	24	13
51	4	3
16	4	35
9	4	57
39	44	13
35	4	15
3	8	45
40	4	36
5	4	51
2	37	16
20	11	1
12	4	24
48	48	17
31	15	58
29	4	52
6	4	3
28	17	56
25	4	4
3	31	24
44	4	52
38	50	26
7	4	6
16	53	57
19	4	50
24	7	3
48	56	45
13	21	39
23	49	45
48	61	8
38	28	34
7	33	57
13	4	3
16	53	25
56	40	28
31	19	58
8	0	47
10	4	8
4	26	48
13	21	1
22	4	32
34	12	38
33	4	3
57	37	16
48	2	14
16	53	2
31	25	58
41	64	39
13	44	1
32	4	3
25	37	16
47	4	33
48	3	10
13	9	13
21	4	24
36	4	56
31	52	58
15	4	59
52	29	53
54	4	52
17	4	8
53	39	52
61	4	22
0	54	45
10	60	48
33	13	8
59	4	4
38	47	45
24	58	58
41	34	52
3	10	45
20	4	59
48	59	29
39	46	26
34	49	45
17	42	48
1	16	20
46	4	6
14	4	8
1	44	13
56	4	20
38	49	45
60	4	33
115	97	100
129	72	120
64	91	128
97	77	97
127	72	120
106	72	108
66	90	100
83	72	65
79	72	97
72	72	126
120	72	66
89	66	71
65	71	94
91	72	119
104	72	113
94	72	97
76	91	79
100	74	100
70	72	113
81	72	66
116	72	97
66	98	97
128	72	76
105	72	91
88	72	124
131	72	67
73	71	92
109	73	100
92	77	64
80	72	113
120	81	64
94	87	87
100	66	100
132	72	97
65	86	87
117	72	97
100	78	66
108	90	100
110	72	91
108	65	109
100	92	116
78	72	84
89	72	119
64	72	65
126	72	93
127	72	113
102	72	91
67	72	100
86	72	71
87	95	65
116	73	100
113	72	87
85	72	65
80	72	120
100	92	109
68	72	124
122	72	91
82	72	67
119	72	100
112	72	108
93	72	65
75	72	113
73	72	94
99	72	65
90	93	100
125	72	94
98	72	72
97	79	97
63	72	65
92	72	72
130	72	119
76	74	91
134	72	123
108	65	132
108	65	117
118	72	65
84	72	120
100	78	108
101	72	65
71	72	91
74	72	66
121	72	96
87	72	66
100	75	90
104	72	120
103	72	66
65	72	97
76	72	119
114	72	119
65	75	90
76	91	65
96	72	117
79	94	76
111	72	120
62	72	76
108	65	116
124	72	108
69	72	79
65	94	76
97	81	66
133	72	94
75	72	120
107	72	79
94	70	65
95	72	76
90	93	65
100	88	115
109	72	97
77	72	120
123	72	120
167	109	137
141	126	150
137	141	165
164	112	168
167	112	139
143	109	137
139	125	161
150	124	141
153	112	154
141	114	137
149	106	143
150	121	141
141	146	143
139	129	161
168	131	150
166	116	152
143	102	137
141	130	150
149	112	139
150	138	155
143	147	141
153	127	143
150	142	141
160	151	153
150	143	141
150	156	152
150	148	156
157	112	168
150	139	168
141	120	150
166	112	168
140	112	137
137	104	144
137	122	164
159	112	153
150	107	141
138	112	147
150	123	141
141	137	166
165	132	137
168	112	139
143	112	168
141	153	137
160	112	166
137	118	162
166	158	141
141	133	150
145	112	168
166	112	139
141	154	166
143	105	149
143	157	153
143	112	136
143	150	144
137	155	143
158	112	137
141	108	150
164	112	136
163	112	164
164	128	137
141	113	150
141	140	150
162	112	143
137	119	143
150	149	155
148	112	147
150	110	169
164	115	137
143	117	137
141	112	136
137	112	154
137	134	141
137	152	135
164	109	137
136	112	139
137	100	142
137	111	161
166	99	146
146	145	166
137	101	141
165	112	164
150	125	161
144	135	143
150	136	141
137	144	147
139	103	154
201	172	264
209	165	198
231	165	218
235	197	250
254	165	180
251	165	263
266	175	182
273	165	263
235	186	180
206	165	180
175	165	218
177	165	218
257	165	194
194	186	180
192	165	224
275	165	263
270	159	198
210	162	216
180	198	219
190	165	224
255	165	234
237	165	180
258	165	232
235	166	213
194	205	216
271	165	243
215	165	198
185	165	194
180	198	194
182	202	170
260	169	206
189	165	234
243	201	250
256	165	184
194	161	216
224	165	271
179	165	263
267	165	170
217	168	170
253	167	258
193	165	263
184	165	271
244	165	246
170	194	182
194	177	235
170	187	263
235	178	216
206	191	260
235	209	250
249	165	263
181	165	263
272	188	243
235	163	250
195	165	170
170	194	257
248	165	236
170	189	217
170	194	253
210	185	216
268	165	204
180	198	235
262	165	184
227	165	263
194	176	216
226	165	170
171	165	260
266	171	234
182	195	266
230	165	218
174	165	263
270	165	170
243	190	194
204	204	243
261	165	218
180	198	234
238	195	266
260	165	271
238	202	170
210	208	216
205	165	263
235	174	250
234	165	243
240	165	236
228	165	263
201	165	234
242	165	191
219	186	180
202	165	266
235	164	194
194	196	216
252	165	170
266	203	216
266	175	238
212	165	198
238	165	194
253	202	170
272	165	180
269	165	266
173	165	218
229	165	266
243	199	272
243	179	250
235	192	250
191	160	246
218	165	263
263	180	235
200	165	246
265	165	255
225	165	263
222	165	204
263	180	170
170	194	238
186	165	263
223	165	255
170	165	180
221	165	263
234	186	180
196	165	263
258	207	253
257	202	170
239	165	263
194	184	243
266	175	257
182	165	194
264	165	170
214	165	246
188	165	232
203	165	218
183	165	263
207	165	246
211	165	204
220	165	263
235	187	263
210	205	216
176	165	198
274	165	218
187	165	234
172	165	263
246	200	191
178	165	184
264	170	201
266	181	250
233	165	263
191	193	216
234	182	266
191	173	259
208	165	270
257	195	266
210	183	216
243	206	204
197	165	204