245	165	217
397	221	387
371	214	291
315	214	362
357	221	367
276	251	416
324	238	292
289	214	295
306	212	354
369	215	309
279	248	396
334	214	415
411	230	338
296	223	312
341	214	379
366	248	310
279	237	324
325	216	330
279	215	312
342	214	310
369	242	340
308	232	369
374	214	403
368	214	362
296	243	312
391	238	278
369	220	300
305	235	329
362	228	312
324	224	296
414	214	296
319	214	310
281	214	369
326	214	310
382	214	369
285	214	304
340	214	291
342	239	393
312	245	296
369	215	303
311	214	292
388	214	276
390	214	310
388	241	297
305	243	403
406	214	384
369	215	348
300	214	292
283	214	296
396	215	312
400	238	301
279	237	296
402	214	284
369	244	283
415	249	395
391	229	365
369	220	368
376	214	369
401	214	283
401	237	359
367	214	330
292	238	280
415	227	362
317	214	414
369	220	372
343	238	368
365	214	312
373	214	310
312	230	296
329	247	330
369	250	381
408	214	291
337	214	379
363	214	282
379	214	279
400	214	280
306	215	293
415	218	296
330	214	305
323	214	415
279	248	324
303	214	310
292	238	292
281	212	402
352	215	299
296	235	312
369	215	319
282	236	369
357	214	324
287	214	283
331	238	293
356	231	418
369	215	366
320	231	308
312	216	279
380	214	282
375	214	371
386	243	351
393	211	342
400	238	372
350	214	344
312	237	324
409	214	376
365	220	391
330	211	325
352	214	369
280	220	312
284	214	415
304	214	296
286	214	362
411	210	380
360	214	384
366	219	321
348	214	310
415	215	279
397	248	350
278	229	365
345	214	280
417	214	282
322	214	387
324	238	324
296	242	312
415	215	312
397	214	324
301	214	362
339	214	371
280	228	312
384	214	379
293	214	324
344	216	305
400	248	310
392	214	379
389	214	344
345	238	278
372	227	334
404	215	295
391	214	292
385	214	323
315	238	397
400	238	324
305	214	369
325	214	291
312	216	296
413	214	323
309	214	321
279	219	396
397	238	408
314	214	369
296	250	312
312	229	292
369	228	400
292	238	362
369	215	294
400	238	331
279	246	383
310	214	279
370	214	387
347	238	315
387	214	330
364	214	396
295	224	397
312	236	415
362	238	292
374	226	414
338	214	330
292	238	324
296	211	312
374	240	305
362	220	312
415	212	312
392	239	353
340	245	369
296	226	296
291	214	296
386	214	305
292	220	312
415	210	296
407	214	415
362	238	280
280	238	292
355	214	276
296	233	415
344	214	310
325	230	307
369	214	312
300	238	286
347	238	372
312	247	296
418	214	381
290	214	291
393	214	369
369	215	276
324	238	362
356	214	276
372	214	362
313	214	295
410	214	293
309	210	402
317	230	328
312	221	324
311	248	309
357	221	377
403	214	291
292	228	312
369	223	308
335	214	350
312	229	280
297	214	381
362	238	362
312	234	396
312	234	324
300	229	369
364	248	309
345	229	365
298	214	324
296	231	396
320	214	276
296	244	312
279	213	396
315	238	357
415	210	279
346	215	413
362	214	324
332	214	373
394	214	276
328	214	330
296	233	279
376	215	378
396	215	279
306	215	331
288	214	293
400	238	315
310	210	282
366	214	396
399	214	295
368	229	369
354	214	284
369	215	290
378	214	282
404	214	369
369	220	343
404	215	344
296	241	396
316	214	376
296	222	312
353	214	403
318	214	291
365	220	278
300	238	368
351	214	291
358	214	283
306	214	369
302	214	326
381	214	291
362	238	324
347	214	292
307	214	369
305	244	295
336	214	282
404	222	408
343	238	286
346	214	321
412	214	283
398	214	344
405	214	366
279	215	279
397	238	295
343	229	369
369	220	315
369	212	282
366	213	379
369	215	318
278	214	362
359	214	379
296	239	279
308	214	381
369	228	347
347	238	331
369	215	364
337	239	374
312	221	396
312	237	296
307	250	325
324	238	280
295	214	296
312	225	296
331	214	362
312	217	396
411	214	414
276	214	396
321	214	279
327	214	295
277	214	303
299	214	282
347	238	301
317	210	336
333	214	373
282	214	284
279	211	312
312	229	362
377	214	330
318	230	369
294	214	310
312	240	296
382	215	417
281	228	311
329	214	291
343	214	280
312	232	296
408	225	404
347	238	324
445	253	437
470	253	467
421	256	463
422	274	460
440	253	422
448	253	440
459	278	460
422	260	434
453	253	459
422	280	460
467	253	422
442	268	462
436	253	440
420	253	450
444	253	423
426	253	429
433	253	440
432	253	423
467	252	450
468	253	423
458	260	422
441	266	460
430	275	446
431	253	450
430	253	437
457	253	421
424	253	459
427	253	429
441	258	463
463	272	441
442	253	421
454	253	434
464	259	435
450	264	421
464	253	429
450	265	467
421	254	463
462	255	420
427	259	439
463	254	421
430	262	460
459	271	463
438	253	430
435	253	462
441	267	425
447	253	450
443	253	421
469	253	459
461	253	430
462	263	429
451	253	459
465	253	440
439	253	462
422	269	430
426	259	439
455	253	434
462	268	442
430	277	422
421	270	425
441	257	460
428	253	430
441	276	425
463	271	459
466	253	430
456	253	422
458	253	434
441	272	463
422	273	460
449	253	440
452	253	459
462	253	467
419	253	459
459	279	463
474	290	472
500	284	504
502	290	500
500	290	491
483	290	511
505	290	472
506	290	472
501	291	493
478	306	504
501	290	472
472	313	504
482	289	504
472	308	504
511	299	504
478	284	504
472	304	504
482	296	504
500	294	504
478	290	491
472	285	504
500	281	503
500	306	504
499	290	475
472	316	504
500	286	504
482	283	504
478	294	504
478	281	503
471	290	482
489	290	500
496	309	485
492	290	501
511	316	504
482	311	506
486	290	500
482	300	506
498	298	482
482	297	504
481	287	482
478	314	503
472	305	504
511	302	494
506	311	482
475	310	475
511	293	497
491	315	504
495	290	501
500	307	498
508	290	482
482	287	481
500	314	503
472	293	497
510	290	478
472	302	494
477	290	472
482	295	504
490	290	475
475	292	475
473	290	478
487	290	472
496	290	472
488	290	482
481	290	472
481	303	498
475	290	491
478	312	503
507	290	475
484	290	501
494	302	472
480	290	475
472	299	504
491	301	504
500	282	475
472	288	504
472	317	511
485	290	511
476	290	478
485	309	496
500	312	503
511	317	472
478	286	504
498	307	500
479	290	475
509	290	472
498	303	481
482	298	498