472	422
486	441
506	462
477	436
481	449
471	420
526	521
363	461
312	422
365	459
298	455
324	434
417	438
282	430
404	456
330	462
351	447
305	467
284	437
388	442
357	454
276	421
140	83
168	120
139	66
154	97
150	89
164	81
153	94
137	65
552	560
690	680
554	561
497	280
475	379
472	312
494	292
489	398
510	319
476	277
506	330
491	279
3	194
41	263
6	185
52	243
24	180
44	187
50	217
55	246
36	264
48	235
28	237
2	170
37	195
13	253
512	513
514	515
516	517
139	422
157	433
160	436
154	450
150	441
146	444
164	462
153	447
166	449
137	420
518	519
520	521
497	213
501	185
472	194
498	263
510	190
500	234
502	187
511	246
473	192
478	224
506	217
481	257
471	170
491	243
532	533
534	535
536	537
527	517
524	515
142	41
158	16
151	39
139	3
154	24
150	23
150	48
146	17
165	11
164	50
167	47
153	28
538	539
540	541
520	525
224	303
170	403
204	324
253	386
254	329
265	390
191	407
222	372
185	369
180	291
171	277
217	330
237	351
243	310
213	280
238	307
211	315
190	319
262	348
20	403
3	312
38	414
52	310
29	398
24	291
50	330
40	374
7	305
28	351
46	404
13	386
49	284
542	543
268	458
194	422
170	420
204	434
182	433
185	456
180	450
235	441
217	462
237	447
211	454
544	545
546	547
548	549
550	551
81	330
66	312
91	350
95	398
97	291
115	324
94	351
131	277
104	307
100	279
139	194
157	182
154	180
150	235
164	217
153	237
137	170
143	253
552	553
554	537
555	556
557	558
559	533
224	67
194	66
187	114
170	65
204	115
263	90
214	124
272	109
264	92
185	120
195	98
180	97
171	131
217	81
237	94
243	100
238	104
246	108
234	119
553	560
537	561
562	563
564	565
140	471
168	484
142	498
139	472
160	477
150	486
164	506
141	474
166	481
137	482
554	536
566	534
559	532
567	568
520	526
569	570
501	120
472	66
498	90
489	95
500	119
495	103
485	88
496	103
502	114
488	63
511	108
486	89
473	82
478	67
476	131
506	81
477	80
481	113
482	65
491	100
54	130
20	93
3	66
41	90
38	121
29	95
5	134
24	97
44	114
27	77
50	81
25	63
55	108
36	92
48	89
53	127
12	109
28	94
37	98
56	72
30	129
16	79
0	116
542	571
572	573
139	312
164	330
153	351
143	386